166.47

10 	 2.00  	  1
58.00000000 	 -0.00000000
58.20000000 	 -0.58328000
36.17291667 	 -0.98416667
31.25041667 	 -0.68583333
23.79208333 	 -0.23833333
18.42208333 	 -0.83500000
18.42208333 	 -0.83500000
18.42208333 	 -0.83500000
10.00000000 	 -0.00000000
58.00000000 	 -0.00000000

12 	 2.55  	  2
10.00000000 	 -0.00000000
18.42208333 	 -0.83500000
23.79208333 	 -0.23833333
31.25041667 	 -0.68583333
36.17291667 	 -0.98416667
58.20000000 	 -0.58328000
65.69859375 	 -7.29578125
34.08458333 	 -7.69666667
20.06291667 	 -6.20500000
0.00000000 	 -5.00000000
0.00000000 	 0.00000000
10.00000000 	 -0.00000000

4 	 2.62  	  3
95.08078715 	 0.00000000
98.65000000 	 0.00000000
97.16161858 	 -4.20742449
95.08078715 	 0.00000000

11 	 3.15  	  4
61.57615897 	 -28.27635328
78.78796875 	 -29.11140625
99.42890625 	 -30.62171875
118.05609375 	 -31.29296875
131.31328125 	 -33.30671875
139.03265625 	 -36.15953125
149.77265625 	 -43.54328125
154.22167025 	 -50.00000000
0.00000000 	 -50.00000000
0.00000000 	 -26.00000000
61.57615897 	 -28.27635328

9 	 2.88  	  5
129.50000000 	 0.00000000
131.50000000 	 0.00000000
137.69015625 	 -4.27515625
138.86484375 	 -7.12796875
139.20046875 	 -13.16921875
141.20597607 	 -15.67013224
136.85109375 	 -14.84734375
133.65821788 	 -10.21897355
129.50000000 	 0.00000000

4 	 2.68  	  6
34.08458333 	 -7.69666667
65.69859375 	 -7.29578125
68.88703125 	 -10.31640625
34.08458333 	 -7.69666667

6 	 2.68  	  7
65.69859375 	 -7.29578125
77.78109375 	 -7.12796875
84.66140625 	 -8.80609375
88.52109375 	 -11.15546875
68.88703125 	 -10.31640625
65.69859375 	 -7.29578125

8 	 2.70  	  8
77.78109375 	 -7.12796875
87.17859375 	 -6.96015625
93.72328125 	 -7.29578125
95.52261196 	 -8.84064316
97.07953125 	 -11.49109375
88.52109375 	 -11.15546875
84.66140625 	 -8.80609375
77.78109375 	 -7.12796875

5 	 2.60  	  9
95.08078715 	 0.00000000
97.16161858 	 -4.20742449
95.52261196 	 -8.84064316
92.70000000 	 0.00000000
95.08078715 	 0.00000000

11 	 2.75  	  10
98.65000000 	 0.00000000
101.50000000 	 -0.00000000
103.12078125 	 -4.77859375
105.47015625 	 -6.12109375
114.12590023 	 -2.86649911
111.60395671 	 -8.82082757
107.14828125 	 -9.98078125
101.78990554 	 -8.96101385
98.92546875 	 -6.96015625
97.16161858 	 -4.20742449
98.65000000 	 0.00000000

9 	 2.76  	  11
97.16161858 	 -4.20742449
98.92546875 	 -6.96015625
101.78990554 	 -8.96101385
107.14828125 	 -9.98078125
111.60395671 	 -8.82082757
110.67234375 	 -12.49796875
97.07953125 	 -11.49109375
95.52261196 	 -8.84064316
97.16161858 	 -4.20742449

9 	 2.70  	  12
113.69296875 	 -12.83359375
115.70671875 	 -10.48421875
115.87453125 	 -7.96703125
117.38484375 	 -6.28890625
120.90890625 	 -5.44984375
123.59390625 	 -7.29578125
125.43984375 	 -11.49109375
128.62828125 	 -14.17609375
113.69296875 	 -12.83359375

14 	 2.88  	  13
115.87453125 	 -7.96703125
114.53203125 	 -7.29578125
116.71359375 	 -2.59703125
118.39171875 	 -1.42234375
122.41921875 	 -1.08671875
125.77546875 	 -3.93953125
127.62140625 	 -8.63828125
132.40025819 	 -14.20251259
128.62828125 	 -14.17609375
125.43984375 	 -11.49109375
123.59390625 	 -7.29578125
120.90890625 	 -5.44984375
117.38484375 	 -6.28890625
115.87453125 	 -7.96703125

12 	 2.88  	  14
118.39171875 	 -1.42234375
116.71359375 	 -2.59703125
114.12590023 	 -2.86649911
115.34000000 	 0.00000000
129.50000000 	 0.00000000
133.65821788 	 -10.21897355
136.85109375 	 -14.84734375
132.40025819 	 -14.20251259
127.62140625 	 -8.63828125
125.77546875 	 -3.93953125
122.41921875 	 -1.08671875
118.39171875 	 -1.42234375

9 	 2.60  	  15
114.12590023 	 -2.86649911
116.71359375 	 -2.59703125
114.53203125 	 -7.29578125
115.87453125 	 -7.96703125
115.70671875 	 -10.48421875
113.69296875 	 -12.83359375
110.67234375 	 -12.49796875
111.60395671 	 -8.82082757
114.12590023 	 -2.86649911

13 	 2.85  	  16
166.47000000 	 -1.70000000
166.47000000 	 -15.40000000
159.50578125 	 -15.85421875
153.12890625 	 -20.72078125
151.11515625 	 -23.90921875
141.20597607 	 -15.67013224
140.54296875 	 -13.16921875
141.88546875 	 -9.98078125
144.57046875 	 -7.29578125
151.78640625 	 -2.59703125
156.48515625 	 -1.33843750
163.86890625 	 -2.34531250
166.47000000 	 -1.70000000

7 	 3.15  	  17
166.47000000 	 -15.40000000
166.47000000 	 -50.00000000
155.98171875 	 -28.77578125
151.11515625 	 -23.90921875
153.12890625 	 -20.72078125
159.50578125 	 -15.85421875
166.47000000 	 -15.40000000

14 	 2.76  	  18
0.00000000 	 -26.00000000
0.00000000 	 -15.80000000
65.53078125 	 -20.72078125
108.65859375 	 -20.88859375
128.29265625 	 -23.07015625
141.21421875 	 -27.26546875
151.95421875 	 -37.33421875
139.03265625 	 -36.15953125
131.31328125 	 -33.30671875
118.05609375 	 -31.29296875
99.42890625 	 -30.62171875
78.78796875 	 -29.11140625
61.57615897 	 -28.27635328
0.00000000 	 -26.00000000

5 	 2.88  	  19
155.98171875 	 -28.77578125
166.47000000 	 -50.00000000
159.00000000 	 -50.00000000
157.49203125 	 -37.33421875
155.98171875 	 -28.77578125

7 	 2.80  	  20
139.03265625 	 -36.15953125
151.95421875 	 -37.33421875
157.49203125 	 -37.33421875
159.00000000 	 -50.00000000
154.22167025 	 -50.00000000
149.77265625 	 -43.54328125
139.03265625 	 -36.15953125

5 	 2.60  	  21
115.34000000 	 0.00000000
114.12590023 	 -2.86649911
108.49078125 	 -3.43609375
105.97359375 	 0.00000000
115.34000000 	 0.00000000

7 	 2.77  	  22
101.50000000 	 -0.00000000
105.97359375 	 0.00000000
108.49078125 	 -3.43609375
114.12590023 	 -2.86649911
105.47015625 	 -6.12109375
103.12078125 	 -4.77859375
101.50000000 	 -0.00000000

22 	 2.73  	  23
34.08458333 	 -7.69666667
68.88703125 	 -10.31640625
88.52109375 	 -11.15546875
97.07953125 	 -11.49109375
110.67234375 	 -12.49796875
113.69296875 	 -12.83359375
128.62828125 	 -14.17609375
132.40025819 	 -14.20251259
136.85109375 	 -14.84734375
141.20597607 	 -15.67013224
151.11515625 	 -23.90921875
155.98171875 	 -28.77578125
157.49203125 	 -37.33421875
151.95421875 	 -37.33421875
141.21421875 	 -27.26546875
128.29265625 	 -23.07015625
108.65859375 	 -20.88859375
65.53078125 	 -20.72078125
0.00000000 	 -15.80000000
0.00000000 	 -5.00000000
20.06291667 	 -6.20500000
34.08458333 	 -7.69666667

7 	 2.12  	  24
154.50000000 	 -0.00000000
166.47000000 	 -0.00000000
166.47000000 	 -1.70000000
163.86890625 	 -2.34531250
156.48515625 	 -1.33843750
151.78640625 	 -2.59703125
154.50000000 	 -0.00000000

6 	 2.81  	  25
138.60000000 	 0.00000000
154.50000000 	 -0.00000000
151.78640625 	 -2.59703125
144.57046875 	 -7.29578125
139.70390625 	 -1.75796875
138.60000000 	 0.00000000

10 	 2.78  	  26
141.20597607 	 -15.67013224
139.20046875 	 -13.16921875
138.86484375 	 -7.12796875
137.69015625 	 -4.27515625
131.50000000 	 0.00000000
139.70390625 	 -1.75796875
144.57046875 	 -7.29578125
141.88546875 	 -9.98078125
140.54296875 	 -13.16921875
141.20597607 	 -15.67013224

4 	 2.10  	  27
131.50000000 	 0.00000000
138.60000000 	 0.00000000
139.70390625 	 -1.75796875
131.50000000 	 0.00000000

7 	 2.65  	  28
79.79484375 	 0.00000000
82.81546875 	 -3.60390625
87.17859375 	 -6.96015625
77.78109375 	 -7.12796875
73.25015625 	 -4.10734375
69.55828125 	 0.00000000
79.79484375 	 0.00000000

5 	 2.62  	  29
82.81546875 	 -3.60390625
79.79484375 	 0.00000000
89.31446294 	 0.00000000
85.33265625 	 -3.10046875
82.81546875 	 -3.60390625

8 	 2.73  	  30
82.81546875 	 -3.60390625
85.33265625 	 -3.10046875
89.31446294 	 0.00000000
92.70000000 	 0.00000000
95.52261196 	 -8.84064316
93.72328125 	 -7.29578125
87.17859375 	 -6.96015625
82.81546875 	 -3.60390625

8 	 2.55  	  31
58.00000000 	 -0.00000000
65.00000000 	 -0.00000000
68.21578125 	 -2.59703125
73.25015625 	 -4.10734375
77.78109375 	 -7.12796875
65.69859375 	 -7.29578125
58.20000000 	 -0.58328000
58.00000000 	 -0.00000000

5 	 2.50  	  32
65.00000000 	 -0.00000000
69.55828125 	 0.00000000
73.25015625 	 -4.10734375
68.21578125 	 -2.59703125
65.00000000 	 -0.00000000
