341.074700

5    2.31    sed
+240.07285970    +0.00000000
+341.07470000    +0.00000000
+341.07470000    -2.90795760
+255.55555560    -1.95215030
+240.07285970    +0.00000000

11    2.46    str2_croute_cont
+255.55555560    -1.95215030
+341.07470000    -2.90795760
+341.07470000    -5.54157958
+300.91074680    -6.26155879
+290.07285970    -9.24702774
+274.24271400    -7.47101130
+259.79052820    -3.44928813
+248.86156650    -3.15573169
+234.97267760    +0.00000000
+240.07285970    +0.00000000
+255.55555560    -1.95215030

6    2.70    str3_croute_cont
+300.91074680    -6.26155879
+341.07470000    -5.54157958
+341.07470000    -10.69908929
+324.68123860    -10.78819903
+290.07285970    -9.24702774
+300.91074680    -6.26155879

11    2.81    str4_croute_cont
+324.68123860    -10.78819903
+341.07470000    -10.69908929
+341.07470000    -16.73447299
+279.81511840    -15.85204756
+259.33515480    -13.75311904
+249.77231330    -11.46337883
+241.98542810    -4.06575664
+254.00728600    -7.97005724
+271.94899820    -9.24702774
+290.07285970    -9.24702774
+324.68123860    -10.78819903

12    2.91    str5_croute_cont
+297.81420800    -28.43094100
+287.29508200    -29.35564400
+279.82695800    -31.11698200
+244.53551900    -31.41053900
+229.82695800    -30.38309100
+220.17304200    -27.00719200
+210.15482700    -17.40789700
+209.74499100    -15.01541200
+258.87978100    -18.61147800
+341.07470000    -19.36809496
+341.07470000    -28.03710064
+297.81420800    -28.43094100

12    3.11    str6_croute_cont
+209.74499090    -15.01541171
+210.15482700    -17.40789667
+220.17304190    -27.00719213
+229.82695810    -30.38309115
+202.45901640    -27.84382798
+165.98360660    -20.79847351
+150.27322400    -21.63510935
+129.32604740    -20.66637311
+101.18397090    -14.51636577
+104.22723792    -14.53035541
+115.75045438    -14.58332668
+209.74499090    -15.01541171

12    2.91    str7_croute_cont
+258.87978140    -18.61147806
+209.74499090    -15.01541171
+115.75045438    -14.58332668
+110.56466300    -9.34977249
+131.14754100    -9.80478497
+146.12932600    -8.96814913
+206.96721310    -8.98282695
+223.17850640    -6.69308675
+230.32786890    -7.03067665
+240.02732240    -8.96814913
+247.31329690    -14.35490973
+258.87978140    -18.61147806

12    2.60    str8_croute_cont
+259.79052820    -3.44928813
+274.24271400    -7.47101130
+290.07285970    -9.24702774
+271.94899820    -9.24702774
+254.00728600    -7.97005724
+241.98542810    -4.06575664
+236.03961750    -3.14692500
+231.37522770    -2.83281961
+230.41894350    +0.00000000
+234.97267760    +0.00000000
+248.86156650    -3.15573169
+259.79052820    -3.44928813

10    2.46    str9_croute_cont
+230.41894350    +0.00000000
+219.48998180    -2.89153090
+212.02185790    -2.24570674
+198.49726780    -2.97959783
+176.68488160    -5.92984001
+150.22768670    -6.26742991
+139.57194900    -7.42697784
+145.81056470    -4.74093645
+195.26411660    +0.00000000
+230.41894350    +0.00000000

23    2.66    str10_croute_cont
+230.41894350    +0.00000000
+231.37522770    -2.83281961
+223.13296900    -3.61074417
+214.02550090    -7.25084398
+206.96721310    -8.98282695
+146.12932600    -8.96814913
+131.14754100    -9.80478497
+110.56466300    -9.34977249
+115.75045438    -14.58332668
+104.22723792    -14.53035541
+100.22768670    -9.95156319
+102.09471770    -8.41039190
+107.78688520    -6.73712021
+112.56830600    -5.75370615
+125.04553730    -5.98855130
+130.00910750    -7.39762219
+139.57194900    -7.42697784
+150.22768670    -6.26742991
+176.68488160    -5.92984001
+198.49726780    -2.97959783
+212.02185790    -2.24570674
+219.48998180    -2.89153090
+230.41894350    +0.00000000

17    2.85    str11_croute_cont
+258.87978100    -18.61147800
+247.31329700    -14.35491000
+240.02732200    -8.96814900
+230.32786900    -7.03067700
+223.17850600    -6.69308700
+206.96721300    -8.98282700
+214.02550100    -7.25084400
+223.13296900    -3.61074400
+231.37522800    -2.83282000
+236.03961700    -3.14692500
+241.98542800    -4.06575700
+249.77231300    -11.46337900
+259.33515500    -13.75311900
+279.81511800    -15.85204800
+341.07470000    -16.73447299
+341.07470000    -19.36809496
+258.87978100    -18.61147800

25    2.10    str12_sed_errosion
+195.26411660    +0.00000000
+145.81056470    -4.74093645
+139.57194900    -7.42697784
+130.00910750    -7.39762219
+125.04553730    -5.98855130
+112.56830600    -5.75370615
+107.78688520    -6.73712021
+102.45901640    -6.78115368
+97.99635701    -5.95919566
+89.98178506    -6.12799061
+82.96903461    -8.58652576
+74.40801457    -8.58652576
+54.32604736    -6.83986496
+68.21493625    -6.92793190
+73.99817851    -6.45824160
+78.00546448    -5.06384853
+88.61566485    -5.01981506
+97.04007286    -3.80155585
+106.96721310    -4.12446793
+115.43715850    -3.22912080
+122.85974500    -3.93365624
+130.41894350    -3.49332159
+152.41347910    -1.82004991
+168.44262300    +0.00000000
+195.26411660    +0.00000000

18    2.37    str13_prisme_accretion
+107.78688520    -6.73712021
+102.09471770    -8.41039190
+100.22768670    -9.95156319
+104.22723792    -14.53035541
+101.18397090    -14.51636577
+80.28233151    -10.65609863
+63.16029144    -8.19022457
+35.61020036    -6.70776457
+0.00000000    -6.26742991
+0.00000000    -4.99045942
+33.92531876    -5.57757229
+54.32604736    -6.83986496
+74.40801457    -8.58652576
+82.96903461    -8.58652576
+89.98178506    -6.12799061
+97.99635701    -5.95919566
+102.45901640    -6.78115368
+107.78688520    -6.73712021

9    2.91    str14_croute_oceanique
+101.18397090    -14.51636577
+63.06921676    -14.63378835
+28.46083789    -12.18259210
+0.00000000    -11.93306913
+0.00000000    -6.26742991
+35.61020036    -6.70776457
+63.16029144    -8.19022457
+80.28233151    -10.65609863
+101.18397090    -14.51636577

6    3.00    str15_croute_oceanique
+101.18397090    -14.51636577
+148.04189440    -29.70791135
+117.03096540    -27.15397035
+91.43897996    -20.18200499
+63.06921676    -14.63378835
+101.18397090    -14.51636577

8    3.07    str16_croute_oceanique
+148.04189440    -29.70791135
+156.01092900    -32.30588581
+182.05828780    -43.87200939
+197.17668490    -52.22369000
+173.08743170    -47.64420960
+155.55555560    -39.74754146
+117.03096540    -27.15397035
+148.04189440    -29.70791135

6    3.11    str17_croute_oceanique
+197.17668490    -52.22369000
+207.78688520    -59.91486863
+192.80510020    -59.91486863
+180.23679420    -51.00543079
+173.08743170    -47.64420960
+197.17668490    -52.22369000

11    3.26    str18_manteau
+192.80510020    -59.91486863
+0.00000000    -59.91486863
+0.00000000    -11.93306913
+28.46083789    -12.18259210
+63.06921676    -14.63378835
+91.43897996    -20.18200499
+117.03096540    -27.15397035
+155.55555560    -39.74754146
+173.08743170    -47.64420960
+180.23679420    -51.00543079
+192.80510020    -59.91486863

11    3.26    str19_manteau
+202.45901640    -27.84382798
+207.78688520    -59.91486863
+197.17668490    -52.22369000
+182.05828780    -43.87200939
+156.01092900    -32.30588581
+148.04189440    -29.70791135
+101.18397090    -14.51636577
+129.32604740    -20.66637311
+150.27322400    -21.63510935
+165.98360660    -20.79847351
+202.45901640    -27.84382798

10    3.26    str20_manteau
+297.81420770    -28.43094085
+341.07470000    -28.03710064
+341.07470000    -59.91490000
+207.78688520    -59.91486863
+202.45901640    -27.84382798
+229.82695810    -30.38309115
+244.53551910    -31.41053868
+279.82695810    -31.11698224
+287.29508200    -29.35564362
+297.81420770    -28.43094085

16    1.03    str21_eau
+168.44262300    +0.00000000
+152.41347910    -1.82004991
+130.41894350    -3.49332159
+122.85974500    -3.93365624
+115.43715850    -3.22912080
+106.96721310    -4.12446793
+97.04007286    -3.80155585
+88.61566485    -5.01981506
+78.00546448    -5.06384853
+73.99817851    -6.45824160
+68.21493625    -6.92793190
+54.32604736    -6.83986496
+33.92531876    -5.57757229
+0.00000000    -4.99045942
+0.00000000    +0.00000000
+168.44262300    +0.00000000