120.000000 24.500000 0.000000 15.610000
120.019608 24.490196 2.267188 12.633400
120.039216 24.480392 4.534376 10.445400
120.058824 24.470588 6.801563 12.505300
120.078431 24.460784 9.068751 15.119700
120.098039 24.450980 11.335939 18.382300
120.117647 24.441176 13.603127 17.516700
120.137255 24.431373 15.870314 14.994200
120.156863 24.421569 18.137502 11.373400
120.176471 24.411765 20.404690 10.003000
120.196078 24.401961 22.671878 9.038190
120.215686 24.392157 24.939066 6.867020
120.235294 24.382353 27.206253 3.761480
120.254902 24.372549 29.473441 -0.637530
120.274510 24.362745 31.740629 -2.149140
120.294118 24.352941 34.007817 -1.274550
120.313725 24.343137 36.275004 -0.259555
120.333333 24.333333 38.542192 -1.311510
120.352941 24.323529 40.809380 -4.482350
120.372549 24.313725 43.076568 -9.283280
120.392157 24.303922 45.343756 -11.493100
120.411765 24.294118 47.610943 -12.920800
120.431373 24.284314 49.878131 -15.711600
120.450980 24.274510 52.145319 -16.590800
120.470588 24.264706 54.412507 -16.511600
120.490196 24.254902 56.679694 -15.460800
120.509804 24.245098 58.946882 -16.024100
120.529412 24.235294 61.214070 -22.867400
120.549020 24.225490 63.481258 -28.453700
120.568627 24.215686 65.748446 -33.618100
120.588235 24.205882 68.015633 -36.155200
120.607843 24.196078 70.282821 -36.933900
120.627451 24.186275 72.550009 -38.367100
120.647059 24.176471 74.817197 -42.202100
120.666667 24.166667 77.084384 -46.656500
120.686275 24.156863 79.351572 -50.998800
120.705882 24.147059 81.618760 -54.393200
120.725490 24.137255 83.885948 -54.407100
120.745098 24.127451 86.153136 -52.567400
120.764706 24.117647 88.420323 -48.365700
120.784314 24.107843 90.687511 -47.402600
120.803922 24.098039 92.954699 -47.256400
120.823529 24.088235 95.221887 -48.816800
120.843137 24.078431 97.489074 -48.492400
120.862745 24.068627 99.756262 -48.741400
120.882353 24.058824 102.023450 -50.328700
120.901961 24.049020 104.290638 -52.634600
120.921569 24.039216 106.557826 -53.025100
120.941176 24.029412 108.825013 -52.195600
120.960784 24.019608 111.092201 -48.300200
120.980392 24.009804 113.359389 -42.230600
121.000000 24.000000 115.626577 -38.080900
121.000000 24.000000 115.626577 -38.080900
121.006410 23.980769 117.862971 -34.683300
121.012821 23.961538 120.099366 -33.301500
121.019231 23.942308 122.335760 -34.475900
121.025641 23.923077 124.572155 -35.277700
121.032051 23.903846 126.808549 -34.842800
121.038462 23.884615 129.044944 -34.506300
121.044872 23.865385 131.281338 -32.882400
121.051282 23.846154 133.517733 -30.515400
121.057692 23.826923 135.754127 -25.537900
121.064103 23.807692 137.990522 -20.534400
121.070513 23.788462 140.226916 -17.704500
121.076923 23.769231 142.463311 -13.826200
121.083333 23.750000 144.699705 -5.578640
121.089744 23.730769 146.936100 4.364740
121.096154 23.711538 149.172494 17.386300
121.102564 23.692308 151.408889 23.505800
121.108974 23.673077 153.645283 35.955400
121.115385 23.653846 155.881678 51.146800
121.121795 23.634615 158.118072 62.128200
121.128205 23.615385 160.354467 64.526400
121.134615 23.596154 162.590861 70.335600
121.141026 23.576923 164.827256 76.413700
121.147436 23.557692 167.063650 81.597800
121.153846 23.538462 169.300045 84.510000
121.160256 23.519231 171.536439 90.884700
121.166667 23.500000 173.772834 95.593000
121.173077 23.480769 176.009228 95.220700
121.179487 23.461538 178.245623 88.882800
121.185897 23.442308 180.482017 80.072800
121.192308 23.423077 182.718412 81.198000
121.198718 23.403846 184.954806 84.278700
121.205128 23.384615 187.191201 87.469100
121.211538 23.365385 189.427595 93.117300
121.217949 23.346154 191.663990 93.071600
121.224359 23.326923 193.900384 97.676100
121.230769 23.307692 196.136779 101.005000
121.237179 23.288462 198.373173 104.445000
121.243590 23.269231 200.609568 105.074000
121.250000 23.250000 202.845962 99.786000
121.256410 23.230769 205.082357 94.055400
121.262821 23.211538 207.318751 90.030900
121.269231 23.192308 209.555146 88.460300
121.275641 23.173077 211.791540 84.162500
121.282051 23.153846 214.027935 83.487900
121.288462 23.134615 216.264329 88.387100
121.294872 23.115385 218.500724 92.096600
121.301282 23.096154 220.737118 100.987000
121.307692 23.076923 222.973513 111.131000
121.314103 23.057692 225.209907 116.264000
121.320513 23.038462 227.446302 115.359000
121.326923 23.019231 229.682696 114.911000
121.333333 23.000000 231.919091 114.350000
121.339744 22.980769 234.155485 114.480000
121.346154 22.961538 236.391880 116.624000
121.352564 22.942308 238.628274 117.906000
121.358974 22.923077 240.864669 123.976000
121.365385 22.903846 243.101064 133.118000
121.371795 22.884615 245.337458 140.439000
121.378205 22.865385 247.573853 143.211000
121.384615 22.846154 249.810247 149.563000
121.391026 22.826923 252.046642 156.520000
121.397436 22.807692 254.283036 162.479000
121.403846 22.788462 256.519431 165.154000
121.410256 22.769231 258.755825 173.108000
121.416667 22.750000 260.992220 179.036000
121.423077 22.730769 263.228614 184.628000
121.429487 22.711538 265.465009 190.256000
121.435897 22.692308 267.701403 192.346000
121.442308 22.673077 269.937798 195.768000
121.448718 22.653846 272.174192 199.406000
121.455128 22.634615 274.410587 201.981000
121.461538 22.615385 276.646981 202.573000
121.467949 22.596154 278.883376 203.865000
121.474359 22.576923 281.119770 202.234000
121.480769 22.557692 283.356165 201.391000
121.487179 22.538462 285.592559 197.058000
121.493590 22.519231 287.828954 195.358000
121.500000 22.500000 290.065348 195.814000
121.500000 22.500000 290.065348 195.814000
121.477941 22.500000 292.331457 191.055000
121.455882 22.500000 294.597567 187.419000
121.433824 22.500000 296.863676 181.554000
121.411765 22.500000 299.129785 175.897000
121.389706 22.500000 301.395895 168.268000
121.367647 22.500000 303.662004 149.743000
121.345588 22.500000 305.928113 121.563000
121.323529 22.500000 308.194222 102.234000
121.301471 22.500000 310.460332 74.947800
121.279412 22.500000 312.726441 60.841000
121.257353 22.500000 314.992550 45.970800
121.235294 22.500000 317.258659 38.815000
121.213235 22.500000 319.524769 37.467500
121.191176 22.500000 321.790878 36.334000
121.169118 22.500000 324.056987 33.477300
121.147059 22.500000 326.323097 30.561900
121.125000 22.500000 328.589206 28.093900
121.102941 22.500000 330.855315 29.602500
121.080882 22.500000 333.121424 31.328500
121.058824 22.500000 335.387534 32.725300
121.036765 22.500000 337.653643 31.716800
121.014706 22.500000 339.919752 32.184400
120.992647 22.500000 342.185861 34.778000
120.970588 22.500000 344.451971 39.368700
120.948529 22.500000 346.718080 40.352900
120.926471 22.500000 348.984189 42.864700
120.904412 22.500000 351.250299 46.490400
120.882353 22.500000 353.516408 58.395900
120.860294 22.500000 355.782517 69.480500
120.838235 22.500000 358.048626 71.656500
120.816176 22.500000 360.314736 69.469900
120.794118 22.500000 362.580845 64.636800
120.772059 22.500000 364.846954 62.130200
120.750000 22.500000 367.113064 58.436500
120.727941 22.500000 369.379173 51.835100
120.705882 22.500000 371.645282 44.093100
120.683824 22.500000 373.911391 34.322500
120.661765 22.500000 376.177501 26.289400
120.639706 22.500000 378.443610 21.725500
120.617647 22.500000 380.709719 12.538600
120.595588 22.500000 382.975828 2.193220
120.573529 22.500000 385.241938 -4.475700
120.551471 22.500000 387.508047 -12.794500
120.529412 22.500000 389.774156 -17.191600
120.507353 22.500000 392.040266 -21.628100
120.485294 22.500000 394.306375 -26.317400
120.463235 22.500000 396.572484 -29.373900
120.441176 22.500000 398.838593 -32.979400
120.419118 22.500000 401.104703 -32.267700
120.397059 22.500000 403.370812 -29.796000
120.375000 22.500000 405.636921 -24.601600
120.352941 22.500000 407.903030 -21.134700
120.330882 22.500000 410.169140 -19.363200
120.308824 22.500000 412.435249 -15.667000
120.286765 22.500000 414.701358 -8.757780
120.264706 22.500000 416.967468 -2.503900
120.242647 22.500000 419.233577 9.001900
120.220588 22.500000 421.499686 18.021700
120.198529 22.500000 423.765795 22.052600
120.176471 22.500000 426.031905 23.802400
120.154412 22.500000 428.298014 26.212000
120.132353 22.500000 430.564123 32.662500
120.110294 22.500000 432.830233 41.518500
120.088235 22.500000 435.096342 45.824500
120.066176 22.500000 437.362451 49.554100
120.044118 22.500000 439.628560 53.297500
120.022059 22.500000 441.894670 57.045600
120.000000 22.500000 444.160779 64.187300
